<?xml version="1.0" encoding="UTF-8" standalone="no"?>
<!DOCTYPE svg PUBLIC "-//W3C//DTD SVG 20010904//EN"
              "http://www.w3.org/TR/2001/REC-SVG-20010904/DTD/svg10.dtd">

<svg xmlns="http://www.w3.org/2000/svg"
     width="10.6944in" height="6.01389in"
     viewBox="0 0 770 433">
  <path id="Unnamed #2"
        fill="none" stroke="black" stroke-width="1"
        d="M 379.00,128.00
           C 379.00,128.00 383.00,129.09 383.00,129.09
             383.00,129.09 383.00,113.00 383.00,113.00
             383.00,113.00 405.00,108.00 405.00,88.00
             398.00,86.35 384.52,97.57 384.04,98.00
             384.04,95.43 384.09,87.00 384.09,87.00
             384.09,87.00 401.83,67.17 402.91,58.00
             402.87,51.48 403.00,51.00 403.04,45.78
             402.66,35.81 385.20,22.04 381.50,22.12
             377.93,22.12 360.22,35.43 360.13,45.30
             360.04,55.17 360.31,55.25 360.31,58.00
             362.12,69.12 371.56,78.38 379.00,87.12
             379.00,93.88 379.00,98.00 379.00,98.00
             379.00,98.00 369.50,85.12 358.00,88.00
             354.12,97.25 368.81,113.00 379.00,113.00
             379.00,123.62 379.00,126.62 379.00,126.62M 377.69,108.00
           C 377.69,108.00 364.00,101.25 364.00,95.69
             367.44,95.69 369.50,94.19 377.75,105.00
             378.44,106.50 377.62,108.00 377.62,108.00M 385.00,108.00
           C 385.00,108.00 393.88,103.88 397.06,98.50
             403.06,89.00 392.50,96.81 392.50,96.81
             392.50,96.81 387.00,101.00 385.00,105.00
             383.00,109.00 385.00,108.00 385.00,108.00M 381.31,82.44
           C 381.31,82.44 394.38,67.25 396.00,63.31
             397.62,59.38 397.50,57.00 397.50,57.00
             397.50,57.00 390.56,61.81 389.00,62.94
             387.44,64.06 382.62,64.62 377.00,64.19
             373.69,63.88 365.75,56.31 365.75,56.31
             365.75,56.31 363.50,58.69 366.25,63.12
             369.00,67.56 381.19,82.44 381.19,82.44M 375.00,63.94M 383.00,43.00
           C 383.00,43.00 383.00,41.00 381.00,41.19
             379.00,41.38 379.00,43.00 379.00,43.00
             379.00,43.00 379.00,60.00 379.00,60.00
             379.00,60.00 383.00,60.00 383.00,60.00
             383.00,60.00 383.00,43.00 383.00,43.00M 375.00,58.00
           C 375.00,58.00 364.00,53.31 364.00,43.81
             364.00,40.62 376.50,29.06 381.06,26.69
             392.44,31.94 398.00,44.06 398.00,44.06
             398.00,44.06 397.00,56.88 387.00,58.00
             387.00,49.44 387.00,43.00 387.00,43.00
             387.00,43.00 388.19,37.00 383.00,37.00
             377.81,37.00 379.00,37.00 379.00,37.00
             379.00,37.00 375.00,38.44 375.00,43.00
             375.00,47.56 375.00,58.00 375.00,58.00" />
</svg>
